130.0 326.0
384.0 276.0
5
12
124.0 300.0
144.0 300.0
144.0 242.0
432.0 242.0
432.0 444.0
148.0 444.0
148.0 354.0
128.0 354.0
128.0 472.0
452.0 472.0
452.0 210.0
128.0 210.0
4
170.0 338.0
170.0 420.0
240.0 420.0
240.0 338.0
4
256.0 352.0
256.0 254.0
282.0 254.0
282.0 352.0
3
252.0 434.0
252.0 364.0
338.0 364.0
8
332.0 250.0
300.0 296.0
340.0 348.0
358.0 260.0
412.0 260.0
412.0 350.0
426.0 350.0
426.0 250.0
2
4
278.0 260.0
278.0 236.0
260.0 236.0
260.0 258.0
4
232.0 410.0
232.0 448.0
176.0 448.0
176.0 414.0
